image_width: 1920
image_height: 1200
camera_name: VirtualCam
camera_matrix:
  rows: 3
  cols: 3
  data: [1.5818e+03, 0.0, 640.1223, 0.0, 1.5809e+03, 352.3322, 0.0, 0.0, 1.0]
distortion_model: plumb_bob
distortion_coefficients:
  rows: 1
  cols: 5
  data: [-0.2308, 0.0465, 0.0, 0.0, 0.0]
rectification_matrix: # 暂不使用
  rows: 3
  cols: 3
  data: [0.000000, 0.000000, 0.000000, 0.000000, 1.000000, 0.000000, 0.000000, 0.000000, 1.000000]
projection_matrix:  # 暂不使用
  rows: 3
  cols: 4
  data: [0.000000, 0.000000, 0.000000, 0.000000, 0.000000, 0.000000, 0.000000, 0.000000, 0.000000, 0.000000, 0.000000, 0.000000]